Gene	Cytoband	Mean protein expression(Altered)	Mean protein expression(Unaltered)	Standard deviation of protein expression(Altered)	Standard deviation of protein expression(Unaltered)	p-Value	q-Value
YAP1_PS127	11q13	-0.08	0.21	0.61	0.59	1.217e-5	2.678e-3	
CASP7	10q25.3	0.40	-0.01	1.05	0.82	6.098e-5	5.439e-3	
RPS6KA1	1p36.11	0.09	-0.06	0.36	0.34	7.417e-5	5.439e-3	
G6PD	Xq28	0.09	-0.03	0.39	0.31	1.111e-3	0.0499	
TGM2	20q11.23	0.03	-0.07	0.35	0.21	1.133e-3	0.0499	
MYC	8q24.21	0.01	0.17	0.47	0.47	1.765e-3	0.0603	
LCK	1p35.2	0.19	0.01	0.59	0.50	1.920e-3	0.0603	
ERBB2	17q12	-0.06	0.09	0.51	0.42	2.454e-3	0.0631	
AXL	19q13.2	0.11	-0.03	0.68	0.48	2.581e-3	0.0631	
ANXA7	10q22.2	0.02	-0.06	0.26	0.24	3.682e-3	0.0810	
YAP1	11q22.1	-0.03	0.08	0.35	0.34	4.145e-3	0.0829	
AKT1S1_PT246	19q13.33	-0.04	0.03	0.27	0.26	6.901e-3	0.118	
SRC_PY527	20q12-q13	-0.09	0.12	0.78	0.66	6.961e-3	0.118	
PRDX1	1p34.1	0.06	-0.08	0.47	0.52	9.521e-3	0.150	
ASNS	7q21.3	0.22	0.03	0.76	0.69	0.0114	0.167	
NOTCH1	9q34.3	0.03	0.12	0.32	0.33	0.0133	0.174	
SYK	9q22.2	0.02	-0.20	0.85	0.79	0.0134	0.174	
PECAM1	17q23.3	0.06	-0.01	0.29	0.24	0.0146	0.178	
TSC2_PT1462	16p13.3	-0.07	0.05	0.49	0.45	0.0158	0.183	
PRKCD_PS664	3p21.31	0.03	-0.06	0.32	0.32	0.0189	0.192	
PIK3R1	5q13.1	0.02	-0.07	0.33	0.38	0.0192	0.192	
PIK3R2	19p13.11	0.02	-0.07	0.33	0.38	0.0192	0.192	
CTNNB1	3p22.1	-0.30	-0.09	0.93	0.85	0.0246	0.230	
VHL	3p25.3	0.15	0.44	1.03	1.33	0.0251	0.230	
XBP1	22q12.1|22q12	0.06	0.16	0.39	0.45	0.0288	0.253	
CTNNA1	5q31.2	-0.00	0.04	0.30	0.26	0.0309	0.261	
IGFBP2	2q35	0.09	0.29	0.86	0.85	0.0341	0.269	
KIT	4q12	0.20	0.45	1.07	1.14	0.0368	0.269	
ACVRL1	12q13.13	0.07	0.02	0.24	0.24	0.0391	0.269	
AKT1_PS473	14q32.32	0.07	0.27	0.88	0.96	0.0400	0.269	
AKT2_PS473	19q13.1-q13.2	0.07	0.27	0.88	0.96	0.0400	0.269	
AKT3_PS473	1q44	0.07	0.27	0.88	0.96	0.0400	0.269	
NDRG1_PT346	8q24.3	0.12	0.36	1.14	1.10	0.0404	0.269	
ERBB3	12q13.2	-0.09	0.06	0.71	0.69	0.0424	0.274	
AKT1_PT308	14q32.32	0.13	0.31	0.81	0.88	0.0480	0.285	
AKT2_PT308	19q13.1-q13.2	0.13	0.31	0.81	0.88	0.0480	0.285	
AKT3_PT308	1q44	0.13	0.31	0.81	0.88	0.0480	0.285	
MET	7q31.2	0.04	0.09	0.25	0.27	0.0500	0.290	
PREX1	20q13.13	0.08	-0.03	0.56	0.53	0.0530	0.290	
SQSTM1	5q35.3	0.02	-0.11	0.62	0.69	0.0537	0.290	
PTEN	10q23.31	-0.06	-0.20	0.65	0.69	0.0540	0.290	
PDK1_PS241	2q31.1	0.01	-0.05	0.28	0.30	0.0588	0.302	
CDH1	16q22.1	-0.23	0.07	1.48	1.49	0.0592	0.302	
SHC1_PY317	1q21	0.00	-0.07	0.32	0.35	0.0604	0.302	
DVL3	3q27.1	-0.08	-0.01	0.37	0.34	0.0636	0.311	
EIF4EBP1_PT37_T46	8p12	0.04	0.16	0.75	0.58	0.0801	0.383	
MYH11	16p13.11	0.26	0.53	1.38	1.51	0.0841	0.394	
BRD4	19p13.12	-0.15	-0.07	0.58	0.57	0.0948	0.423	
RB1	13q14.2	0.02	0.07	0.30	0.25	0.0957	0.423	
HSPA1A	6p21.33	0.12	0.28	0.85	0.94	0.0962	0.423	
MAPK1_PT202_Y204	22q11.21	0.11	0.24	0.73	0.79	0.102	0.426	
MAPK3_PT202_Y204	16p11.2	0.11	0.24	0.73	0.79	0.102	0.426	
SMAD1	4q31.21	0.03	0.07	0.25	0.26	0.103	0.426	
PCNA	20p12.3	0.03	-0.02	0.35	0.30	0.105	0.428	
RPS6KB1	17q23.1	-0.09	-0.16	0.40	0.43	0.111	0.444	
EGFR	7p11.2	0.04	0.09	0.28	0.28	0.115	0.453	
ERRFI1	1p36.23	0.05	0.00	0.32	0.23	0.119	0.461	
COL6A1	21q22.3	0.10	0.20	0.60	0.58	0.122	0.464	
STMN1	1p36.11	0.11	0.06	0.31	0.29	0.125	0.467	
TFRC	3q29	0.10	-0.06	0.96	0.97	0.128	0.468	
RAB11A	15q22.31	0.02	0.07	0.35	0.34	0.134	0.474	
RAB11B	19p13.2	0.02	0.07	0.35	0.34	0.134	0.474	
CAV1	7q31.2	0.07	0.24	1.07	1.09	0.136	0.474	
ATM	11q22.3	-0.05	-0.16	0.62	0.74	0.143	0.491	
STAT3_PY705	17q21.31	0.01	0.08	0.42	0.50	0.145	0.491	
MYH9_PS1943	22q13.1	-0.04	-0.12	0.47	0.53	0.148	0.493	
MAPK14	6p21.31	0.02	-0.03	0.32	0.25	0.156	0.504	
CDK1	10q21.2	0.03	0.08	0.29	0.31	0.160	0.504	
PEA15	1q23.2	0.03	-0.01	0.27	0.26	0.161	0.504	
BCL2L11	2q13	-0.01	-0.08	0.45	0.47	0.166	0.504	
RAF1	3p25.2	0.01	-0.03	0.22	0.25	0.166	0.504	
PIK3CA	3q26.32	-0.00	-0.04	0.28	0.23	0.167	0.504	
SNAI1	20q13.13	0.06	0.10	0.31	0.30	0.167	0.504	
TP53BP1	15q15.3	-0.14	-0.05	0.64	0.65	0.177	0.525	
YBX1_PS102	1p34	0.03	0.08	0.28	0.32	0.185	0.532	
EGFR_PY1068	7p12	0.03	0.07	0.25	0.30	0.188	0.532	
FN1	2q35	0.13	0.24	0.80	0.71	0.189	0.532	
PRKCB_PS660	16p11.2	-0.12	-0.20	0.50	0.54	0.193	0.532	
RICTOR_PT1135	5p13.1	0.03	0.06	0.25	0.28	0.194	0.532	
PDK1	2q31.1	0.03	0.00	0.19	0.18	0.195	0.532	
YWHAE	17p13.3	0.04	0.02	0.21	0.20	0.197	0.532	
GSK3A_PS9	19q13.2	-0.17	-0.06	0.78	0.76	0.204	0.532	
GSK3B_PS9	3q13.3	-0.17	-0.06	0.78	0.76	0.204	0.532	
RAB25	1q22	-0.03	0.03	0.40	0.47	0.205	0.532	
EIF4EBP1_PS65	8p12	0.02	-0.03	0.37	0.29	0.206	0.532	
SERPINE1	7q22.1	0.21	0.05	1.30	1.03	0.214	0.547	
TUBA1B	12q13.12	-0.10	0.03	0.98	0.86	0.216	0.547	
ERCC1	19q13.32	-0.00	-0.04	0.27	0.31	0.224	0.552	
YWHAB	20q13.12	0.11	0.08	0.22	0.23	0.226	0.552	
XRCC1	19q13.31	-0.06	-0.02	0.28	0.34	0.227	0.552	
CHEK2	22q12.1	0.04	-0.01	0.38	0.39	0.228	0.552	
CHEK1	11q24.2	0.02	-0.02	0.33	0.31	0.232	0.556	
PDCD4	10q25.2	-0.05	0.04	0.67	0.73	0.242	0.572	
GAPDH	12p13.31	0.03	-0.09	0.99	1.02	0.245	0.572	
YBX1	1p34.2	-0.07	-0.02	0.35	0.36	0.254	0.582	
CASP8	2q33.1	0.04	0.01	0.26	0.25	0.254	0.582	
BECN1	17q21.31	0.03	0.06	0.25	0.31	0.265	0.596	
BAD_PS112	11q13.1	-0.04	-0.08	0.32	0.31	0.266	0.596	
CCNB1	5q13.2	-0.01	-0.09	0.70	0.68	0.268	0.596	
CCND1	11q13.3	0.08	0.13	0.36	0.43	0.281	0.618	
BCL2	18q21.33	-0.05	0.02	0.59	0.64	0.284	0.618	
STK11	19p13.3	0.03	0.01	0.20	0.21	0.301	0.645	
GSK3A_PS21_S9	19q13.2	-0.14	-0.06	0.73	0.70	0.305	0.645	
GSK3B_PS21_S9	3q13.3	-0.14	-0.06	0.73	0.70	0.305	0.645	
SMAD3	15q22.33	-0.06	-0.03	0.29	0.25	0.329	0.689	
MSH2	2p21-p16.3	0.00	-0.04	0.37	0.39	0.334	0.693	
RAF1_PS338	3p25	0.03	0.05	0.21	0.22	0.339	0.697	
PEA15_PS116	1q21.1	0.04	-0.01	0.55	0.43	0.348	0.710	
PRKCA	17q24.2	-0.06	0.00	0.72	0.65	0.357	0.721	
EEF2	19p13.3	-0.01	-0.07	0.60	0.52	0.366	0.732	
ETS1	11q24.3	0.08	0.03	0.49	0.44	0.374	0.735	
RPS6_PS235_S236	9p21	0.10	0.04	0.74	0.70	0.374	0.735	
NRG1	8p12	0.08	0.04	0.31	0.38	0.385	0.749	
SRC_PY416	20q12-q13	0.03	-0.01	0.51	0.53	0.394	0.753	
JUN_PS73	1p32-p31	0.04	0.06	0.24	0.22	0.395	0.753	
DIRAS3	1p31.3	0.07	0.05	0.26	0.23	0.400	0.753	
BID	22q11.21	0.05	0.03	0.29	0.29	0.402	0.753	
CLDN7	17p13.1	0.05	0.08	0.21	0.31	0.407	0.753	
ITGA2	5q11.2	0.08	0.04	0.40	0.40	0.408	0.753	
BRAF	7q34	-0.17	-0.22	0.63	0.60	0.418	0.763	
RPS6_PS240_S244	9p21	0.06	0.00	0.72	0.69	0.419	0.763	
GATA6	18q11.2	0.04	0.02	0.32	0.36	0.447	0.797	
DIABLO	12q24.31	0.04	0.01	0.47	0.44	0.451	0.797	
RPTOR	17q25.3	-0.04	-0.02	0.33	0.27	0.452	0.797	
MAPK9	5q35.3	0.01	-0.02	0.36	0.34	0.453	0.797	
GAB2	11q14.1	-0.15	-0.10	0.65	0.71	0.459	0.801	
RAD50	5q31.1	0.01	0.05	0.51	0.47	0.465	0.805	
IRS1	2q36.3	0.05	0.07	0.27	0.26	0.472	0.811	
COPS5	8q13.1	-0.00	-0.02	0.27	0.29	0.476	0.813	
CCNE1	19q12	0.01	-0.02	0.47	0.49	0.488	0.825	
FOXO3	6q21	0.03	0.05	0.20	0.20	0.493	0.825	
ARID1A	1p36.11	0.02	0.03	0.23	0.18	0.495	0.825	
RAD51	15q15.1	0.07	0.09	0.43	0.36	0.522	0.859	
MYH9	22q12.3	-0.01	0.00	0.38	0.35	0.527	0.859	
BCL2L1	20q11.21	0.04	0.02	0.30	0.31	0.529	0.859	
SLC1A5	19q13.32	0.01	-0.02	0.51	0.61	0.531	0.859	
ERBB2_PY1248	17q12	0.03	0.04	0.26	0.23	0.536	0.860	
NKX2-1	14q13.3	0.02	0.03	0.26	0.21	0.539	0.860	
ESR1_PS118	6q25.1	-0.05	-0.04	0.23	0.21	0.562	0.879	
MAPK1	22q11.22	0.03	0.01	0.33	0.39	0.566	0.879	
TP53	17p13.1	0.03	0.01	0.32	0.31	0.570	0.879	
TIGAR	12p13.32	0.03	0.04	0.21	0.23	0.574	0.879	
GSK3A	19q13.2	-0.07	-0.05	0.25	0.30	0.575	0.879	
GSK3B	3q13.33	-0.07	-0.05	0.25	0.30	0.575	0.879	
RPS6KA1_PT359_S363	1p	0.08	0.07	0.30	0.28	0.587	0.890	
ERBB3_PY1289	12q13	0.00	-0.01	0.17	0.16	0.594	0.893	
NRAS	1p13.2	0.08	0.06	0.24	0.24	0.597	0.893	
BAP1	3p21.1	-0.12	-0.15	0.50	0.55	0.603	0.896	
CCNE2	8q22.1	-0.02	-0.03	0.29	0.27	0.609	0.899	
PGR	11q22.1	0.03	0.02	0.15	0.18	0.621	0.904	
EEF2K	16p12.2	-0.07	-0.04	0.61	0.58	0.622	0.904	
FASN	17q25.3	0.09	0.13	0.88	0.76	0.634	0.904	
PRKAA1_PT172	5p12	-0.11	-0.14	0.57	0.56	0.636	0.904	
MAPK14_PT180_Y182	6p21.3-p21.2	0.00	-0.03	0.60	0.59	0.637	0.904	
PARK7	1p36.23	0.03	0.01	0.31	0.32	0.637	0.904	
BAX	19q13.33	-0.01	-0.02	0.39	0.40	0.653	0.921	
ANXA1	9q21.13	0.13	0.09	0.76	0.81	0.665	0.932	
SCD	10q24.31	0.03	0.02	0.27	0.22	0.672	0.935	
ACACA	17q12	0.02	0.05	0.55	0.51	0.677	0.935	
INPP4B	4q31.21	0.03	0.04	0.35	0.29	0.680	0.935	
WWTR1	3q25.1	0.06	0.07	0.28	0.26	0.691	0.944	
TSC1	9q34.13	-0.03	-0.04	0.33	0.38	0.696	0.945	
EIF4E	4q23	-0.04	-0.02	0.33	0.30	0.708	0.945	
RPS6	9p22.1	-0.16	-0.20	0.71	0.92	0.710	0.945	
BIRC2	11q22.2	-0.03	-0.02	0.28	0.22	0.712	0.945	
ADAR	1q21.3	-0.01	-0.01	0.17	0.19	0.713	0.945	
GATA3	10p14	-0.01	0.00	0.32	0.34	0.718	0.945	
CDKN1B	12p13.1	-0.01	-0.02	0.32	0.30	0.724	0.946	
MET_PY1235	7q31	0.03	0.04	0.14	0.16	0.741	0.946	
PRKCA_PS657	17q22-q23.2	0.05	0.03	0.69	0.60	0.742	0.946	
NFKB1_PS536	4q24	-0.02	-0.04	0.70	0.62	0.746	0.946	
MTOR	1p36.22	-0.08	-0.09	0.42	0.43	0.755	0.946	
ESR1	6q25.1-q25.2	0.04	0.05	0.33	0.31	0.756	0.946	
AR	Xq12	0.04	0.03	0.28	0.25	0.758	0.946	
FOXM1	12p13.33	0.04	0.05	0.37	0.33	0.768	0.946	
MAP2K1_PS217_S221	15q22.1-q22.33	0.03	0.05	0.44	0.34	0.770	0.946	
ACACA_PS79	17q21	0.00	0.02	0.52	0.47	0.770	0.946	
ACACB_PS79	12q24.11	0.00	0.02	0.52	0.47	0.770	0.946	
ARAF_PS299	Xp11.4-p11.2	0.03	0.03	0.25	0.27	0.774	0.946	
EGFR_PY1173	7p12	0.01	0.01	0.16	0.17	0.779	0.946	
SRSF1	17q22	0.03	0.03	0.24	0.23	0.782	0.946	
CDK1_PY15	10q21.1	-0.02	-0.01	0.48	0.40	0.782	0.946	
PXN	12q24.23	-0.07	-0.09	0.68	0.77	0.788	0.947	
BAK1	6p21.31	-0.01	0.00	0.40	0.35	0.794	0.950	
CHEK1_PS345	11q24.2	0.00	-0.00	0.20	0.25	0.801	0.952	
RB1_PS807_S811	13q14.2	-0.04	-0.03	0.77	0.70	0.815	0.962	
MS4A1	11q12.2	-0.02	-0.02	0.25	0.22	0.823	0.962	
KDR	4q12	-0.01	0.00	0.48	0.45	0.826	0.962	
CDH2	18q12.1	0.06	0.06	0.35	0.30	0.835	0.962	
EIF4EBP1_PT70	8p12	0.00	-0.01	0.32	0.29	0.837	0.962	
MTOR_PS2448	1p36.2	-0.03	-0.03	0.31	0.31	0.837	0.962	
MRE11	11q21	0.04	0.05	0.26	0.24	0.840	0.962	
CDH3	16q22.1	0.08	0.09	0.39	0.48	0.848	0.967	
CDKN1B_PT157	12p13.1-p12	0.01	0.01	0.21	0.15	0.861	0.969	
MAPK8_PT183	10q11.22	0.05	0.06	0.24	0.22	0.862	0.969	
SRC	20q11.23	-0.00	0.00	0.41	0.37	0.879	0.969	
SETD2	3p21.31	0.03	0.03	0.27	0.24	0.880	0.969	
SMAD4	18q21.2	0.05	0.05	0.19	0.19	0.880	0.969	
YWHAZ	8q22.3	0.01	0.02	0.32	0.39	0.880	0.969	
CDKN1B_PT198	12p13.1-p12	0.00	0.00	0.24	0.23	0.885	0.969	
XRCC5	2q35	-0.10	-0.09	0.47	0.50	0.887	0.969	
EIF4G1	3q27.1	-0.18	-0.19	0.68	0.69	0.894	0.969	
CHEK2_PT68	22q12.1	0.07	0.06	0.27	0.26	0.894	0.969	
FOXO3_PS318_S321	6q21	0.04	0.04	0.25	0.20	0.900	0.970	
EIF4EBP1	8p11.23	-0.01	-0.02	0.57	0.46	0.910	0.977	
RICTOR	5p13.1	-0.07	-0.07	0.55	0.55	0.920	0.983	
PARP1	1q42.12	0.03	0.03	0.66	0.61	0.934	0.989	
STAT5A	17q21.2	-0.23	-0.22	0.98	0.91	0.936	0.989	
BRCA2	13q13.1	0.02	0.02	0.26	0.23	0.942	0.989	
RBM15	1p13.3	-0.19	-0.19	0.66	0.70	0.952	0.989	
AKT1	14q32.33	-0.10	-0.10	0.51	0.58	0.957	0.989	
AKT2	19q13.2	-0.10	-0.10	0.51	0.58	0.957	0.989	
AKT3	1q43-q44	-0.10	-0.10	0.51	0.58	0.957	0.989	
MAP2K1	15q22.31	-0.11	-0.11	0.66	0.52	0.977	0.993	
NF2	22q12.2	-0.01	-0.01	0.45	0.45	0.980	0.993	
PRKAA1	5p13.1	-0.02	-0.02	0.22	0.27	0.987	0.993	
MSH6	2p16.3	-0.08	-0.08	0.56	0.55	0.989	0.993	
CDKN1A	6p21.2	-0.01	-0.01	0.70	0.81	0.990	0.993	
RPS6KB1_PT389	17q23.1	0.06	0.06	0.29	0.27	0.993	0.993	
TSC2	16p13.3	-0.13	-0.13	0.53	0.64	0.993	0.993	
